# unix_time, cycles_done, cur_path, paths_total, pending_total, pending_favs, map_size, unique_crashes, unique_hangs, max_depth, execs_per_sec
1579138967, 0, 0, 1, 1, 1, 0.04%, 0, 0, 1, 2857.14
1579138972, 27, 0, 3, 0, 0, 0.04%, 0, 0, 2, 10032.96
1579138977, 55, 2, 3, 0, 0, 0.04%, 0, 0, 2, 11452.54
1579138982, 63, 5, 6, 1, 1, 0.05%, 0, 0, 5, 12098.21
1579138987, 66, 3, 6, 0, 0, 0.05%, 0, 0, 5, 11885.24
1579138992, 68, 5, 6, 0, 0, 0.05%, 0, 0, 5, 11958.74
1579138997, 71, 4, 6, 0, 0, 0.05%, 0, 0, 5, 11938.42
1579139002, 74, 4, 6, 0, 0, 0.05%, 0, 0, 5, 12072.49
1579139007, 77, 3, 6, 0, 0, 0.05%, 0, 0, 5, 11880.81
1579139013, 82, 2, 6, 0, 0, 0.05%, 0, 0, 5, 12075.83
1579139018, 91, 1, 6, 0, 0, 0.05%, 0, 0, 5, 11973.53
1579139023, 100, 1, 6, 0, 0, 0.05%, 0, 0, 5, 12041.25
1579139028, 108, 5, 6, 0, 0, 0.05%, 1, 0, 5, 12023.81
1579139033, 117, 5, 6, 0, 0, 0.05%, 1, 0, 5, 11867.01
1579139038, 126, 2, 6, 0, 0, 0.05%, 1, 0, 5, 11523.29
1579139043, 134, 1, 6, 0, 0, 0.05%, 1, 0, 5, 10853.30
1579139048, 142, 5, 6, 0, 0, 0.05%, 1, 0, 5, 11483.71
1579139054, 151, 3, 6, 0, 0, 0.05%, 1, 0, 5, 11449.80
1579139059, 159, 5, 6, 0, 0, 0.05%, 1, 0, 5, 11659.09
1579139064, 168, 4, 6, 0, 0, 0.05%, 1, 0, 5, 11692.69
1579139069, 176, 5, 6, 0, 0, 0.05%, 1, 0, 5, 11569.29
1579139074, 184, 5, 6, 0, 0, 0.05%, 1, 0, 5, 11170.96
1579139079, 193, 5, 6, 0, 0, 0.05%, 1, 0, 5, 11807.03
1579139084, 202, 4, 6, 0, 0, 0.05%, 1, 0, 5, 11788.49
1579139089, 211, 2, 6, 0, 0, 0.05%, 1, 0, 5, 11784.91
1579139095, 219, 5, 6, 0, 0, 0.05%, 1, 0, 5, 11671.89
1579139100, 228, 4, 6, 0, 0, 0.05%, 1, 0, 5, 11410.22
1579139105, 236, 4, 6, 0, 0, 0.05%, 1, 0, 5, 10762.76
1579139110, 244, 5, 6, 0, 0, 0.05%, 1, 0, 5, 11289.66
1579139115, 253, 4, 6, 0, 0, 0.05%, 1, 0, 5, 11872.12
1579139120, 262, 3, 6, 0, 0, 0.05%, 1, 0, 5, 11928.92
1579139125, 270, 5, 6, 0, 0, 0.05%, 1, 0, 5, 11637.48
1579139130, 279, 3, 6, 0, 0, 0.05%, 1, 0, 5, 11592.04
1579139136, 287, 5, 6, 0, 0, 0.05%, 1, 0, 5, 11441.63
1579139141, 296, 2, 6, 0, 0, 0.05%, 1, 0, 5, 11429.33
1579139146, 304, 1, 6, 0, 0, 0.05%, 1, 0, 5, 10761.84
1579139151, 312, 3, 6, 0, 0, 0.05%, 1, 0, 5, 11086.54
1579139156, 319, 4, 6, 0, 0, 0.05%, 1, 0, 5, 10073.18
1579139161, 326, 4, 6, 0, 0, 0.05%, 1, 0, 5, 9865.92
1579139166, 333, 5, 6, 0, 0, 0.05%, 1, 0, 5, 9984.35
1579139171, 341, 3, 6, 0, 0, 0.05%, 1, 0, 5, 10146.90
1579139176, 348, 4, 6, 0, 0, 0.05%, 1, 0, 5, 9933.55
1579139181, 356, 0, 6, 0, 0, 0.05%, 1, 0, 5, 10036.91
1579139187, 363, 5, 6, 0, 0, 0.05%, 1, 0, 5, 10600.93
1579139192, 371, 5, 6, 0, 0, 0.05%, 1, 0, 5, 10605.12
1579139197, 379, 4, 6, 0, 0, 0.05%, 1, 0, 5, 10953.61
1579139202, 388, 2, 6, 0, 0, 0.05%, 1, 0, 5, 11656.74
1579139207, 394, 5, 6, 0, 0, 0.05%, 1, 0, 5, 2.20
1579139212, 399, 5, 6, 0, 0, 0.05%, 1, 0, 5, 6087.50
1579139217, 405, 4, 6, 0, 0, 0.05%, 1, 0, 5, 7279.64
1579139223, 411, 3, 6, 0, 0, 0.05%, 1, 0, 5, 7547.59
